root: 362.4682915234694
API: 32.7146698029687
OpenCL: 145.126975226198
CUDA: 16.6628941049599
TextureMemory: 347.922621919867
Linear1D: 123.635755710907
Linear2D: 9.32944776528499
Array2D: 299.825062427326
LocalMemory: 56.5525654526056
Blocksize: -55.5801838749577
bs_32x1: 2.07904439301594
bs_32x8: 244.476124051918
bs_32x16: 343.965741928309
bs_32x32: -112.574733630625
bs_64x1: 277.044696639978
bs_64x4: 252.843043101431
bs_64x16: 246.998412047282
bs_128x1: -3.0354912609746
bs_128x2: 284.338221995109
bs_128x4: -2.99260003211551
bs_128x8: -7.44231535446654
bs_256x4: 83.8684062511506
bs_512x1: -12.6705084810258
bs_512x2: -30.2200833024233
bs_1024x1: -29.5988557671199
Ldg: -1.16777817949206
bs_32x2: 304.223433788582
bs_32x4: 332.566522113913
bs_64x2: -44.7460544635977
bs_64x8: 281.336064773364
bs_256x1: 55.1374189539337
bs_256x2: -24.3765315878694
padding_0: 7.09050445095456
padding_32: 13.7400468221699
padding_64: 190.976859818772
padding_96: 305.86294933685
padding_128: 180.83198093518
padding_160: -9.12372084541694
padding_192: -4.10981902754377
padding_224: 326.503566357242
padding_256: 272.23371746206
padding_288: -45.0815361502078
padding_320: -92.944442862073
padding_352: -2.54695705870811
padding_384: 48.0306758653137
padding_416: 43.9473132976023
padding_448: 72.4264817624917
padding_480: 23.1368862089276
padding_512: 71.1101394626277
pixelPerThread_1: 44.5438581254162
pixelPerThread_2: 309.068050716323
pixelPerThread_3: 23.7877505447876
pixelPerThread_4: -58.8779678655064
padding_512#bs_64x1: 225.106405685965
bs_32x32#padding_64: 206.740737371829
padding_128#bs_128x4: 375.464546505964
pixelPerThread_1#bs_32x1: 307.990881861995
bs_32x2#padding_224#Ldg: 604.954509394747
bs_128x4#API#Linear1D: 161.466097269247
Linear2D#padding_320#bs_32x16: 40.3874240556722
CUDA#padding_384#bs_32x32: 481.290365731413
