root: 1552.03036149616
API: -114.163960265618
OpenCL: 1868.81148625998
CUDA: 80.6183195586898
TextureMemory: -188.699652244277
Linear1D: 249.906996975926
Linear2D: 187.473151491745
Array2D: -82.5525767770926
LocalMemory: -378.804786034001
Blocksize: -57.8574644281393
bs_32x1: 1912.88302567661
bs_32x8: -190.640997777496
bs_32x16: 2.51225534433011
bs_32x32: 427.227849334027
bs_64x1: 1415.70014543138
bs_64x4: 1383.25105032304
bs_64x16: 1753.04918085107
bs_128x1: -218.26229731949
bs_128x2: 213.577290573641
bs_128x4: 1069.1052062537
bs_128x8: -27.5737852308898
bs_256x4: 139.752856582618
bs_512x1: 1467.60261633778
bs_512x2: 162.555598867272
bs_1024x1: 76.5839929279576
Ldg: 1456.03369892684
bs_32x2: 202.84461740715
bs_32x4: 1256.97097128185
bs_64x2: -397.147818848569
bs_64x8: 4.48381586397988
bs_256x1: -208.938281499787
bs_256x2: 522.819442175994
padding_0: -54.1181251964874
padding_32: 1645.71054942479
padding_64: 1394.39406873225
padding_96: 1459.23368514343
padding_128: 1401.36310145017
padding_160: 2000.35186802758
padding_192: -12.3343985961744
padding_224: 1403.9028558059
padding_256: 1737.49377954465
padding_288: 1217.96416374021
padding_320: 1651.26878401121
padding_352: -36.9817451740566
padding_384: 375.729363413866
padding_416: -70.3820600034233
padding_448: 1833.11177231904
padding_480: -354.104686541833
padding_512: 488.979742431545
pixelPerThread_1: 221.387431052447
pixelPerThread_2: 804.140284295912
pixelPerThread_3: 333.268252757249
pixelPerThread_4: 93.8757872928447
OpenCL#bs_1024x1: -11.0181798673663
TextureMemory#pixelPerThread_4: 0.911878781500624
padding_384#Linear2D: 2.63352955528935
padding_512#bs_128x1: 15.348571391692
padding_384#Array2D#pixelPerThread_3: 1.84511123330254
API#padding_416#bs_512x1: 8.32837774260784
padding_352#bs_128x2#pixelPerThread_1: -0.135868750565386
pixelPerThread_4#bs_64x1#padding_512: -0.148982829571632
