root: 1193.401804148906
time_passes: 1075.59985904717
gvn: -526.352474920062
instcombine: 230.002634134849
inline: 217.417680977693
jump_threading: -167.731472916147
simplifycfg: -363.886156316664
sccp: -113.331012667086
print_used_types: 215.476774615558
ipsccp: 1197.32263128566
iv_users: -124.281586297106
licm: 210.741289596086
simplifycfg#time_passes: -738.217109294228
licm#sccp: 181.907873072353
sccp#instcombine: 6.18185857606077
sccp#simplifycfg: 228.891997047367
inline#licm: 3.80705004850349
