root: 12056.38603473481
time_passes: 618.73177867226
gvn: 16112.0353320714
instcombine: 331.688122677937
inline: 10610.510277761
jump_threading: 11790.9126018887
simplifycfg: -3587.17220412657
sccp: -2551.64427052638
print_used_types: 13677.9378553871
ipsccp: 1508.81442851583
iv_users: -2174.47093860848
licm: -2054.95720282828
gvn#time_passes: -13.9100935128054
time_passes#simplifycfg: 5.46450947566001
inline#jump_threading: -23.2223945706986
licm#print_used_types: -13.3218990624674
ipsccp#licm: 9.83325492566952
