root: 12330.6444367031
Base: 1744.71132089508
Persistence: -137.073262381413
IO: -1551.08475593675
OldIO: 11283.0555372193
NewIO: 11611.6602580389
NIOBase: -499.568611154803
NIOType: 10102.1839183172
ChunkedNIO: 13136.3823171805
SingleWriteNIO: 15654.7577205625
DirectNIO: 2080.2537868219
LogSize: 1027.49047191579
S10MiB: 9740.9828080878
S100MiB: -1828.05764978778
S1MiB: 1553.49705086012
Checksum: -2061.81857956831
BTreeFeatures: 14036.5545598005
INCompressor: -730.928054718327
IEvictor: 1169.89995678917
Evictor: 1459.63640801208
Critical_Eviction: -1435.43735229061
Verifier: -525.150410322024
BTreeCacheSize: -435.922426521923
Max: 2425.47118725784
Mid: -1022.57771079268
Min: -353.549800132658
ITracing: 13685.2275573779
Tracing: 3275.16316718649
TracingLevel: 12699.3916829926
Severe: 2201.17492579998
Config: 4859.02605602298
Finest: 1152.99711682177
Statistics: -1128.05963481805
Statistics#ChunkedNIO: -11.1660012714071
OldIO#S100MiB: -19.7301970450914
