root: 55.0720854526533
Base: 986.774457986501
Persistence: 95.5121412816174
IO: -132.442180635474
OldIO: 135.312550091328
NewIO: -86.6564081551147
NIOBase: 89.6096838466339
NIOType: -226.257600094437
ChunkedNIO: 731.256811169101
SingleWriteNIO: -645.541467288051
DirectNIO: -179.842200551441
LogSize: 310.702776255237
S10MiB: 83.9271276761044
S100MiB: 909.521840906727
S1MiB: 70.8000698605662
Checksum: 347.706963033424
BTreeFeatures: 412.246829405721
INCompressor: -342.056291028347
IEvictor: -134.439024484454
Evictor: -357.17743948535
Critical_Eviction: -33.0754085665086
Verifier: 197.842300115565
BTreeCacheSize: -422.871149823901
Max: 686.195577072122
Mid: -180.270889868417
Min: 126.158741720422
ITracing: 78.0480852080038
Tracing: -54.0665017379576
TracingLevel: -170.241304055585
Severe: -51.1451813650697
Config: 894.028057096236
Finest: -9.9877750751719
Statistics: 54.6114713010012
Verifier#NIOBase: -49.1058610919495
Persistence#Min: 99.8130956960736
