root: -0.0474134049585547
no_asm: 3.81376801602424
no_8x8dct: 0.534127040897564
no_cabac: 0.204486317190249
no_deblock: 0.464133710961687
no_fast_pskip: 0.342606295772877
no_mbtree: 0.208636478127619
no_mixed_refs: 0.224572880345428
no_weightb: -0.0321623657753565
rc_lookahead: 0.318961754880463
rc_lookahead_20: 0.475369419190339
rc_lookahead_40: 0.161638340695282
rc_lookahead_60: 0.312487343543182
ref: 0.127898897869708
ref_1: 3.90232984827663
ref_5: 0.25687524370194
ref_9: 0.191942857113873
ref_9#no_8x8dct: 5.33014873623387
no_deblock#no_weightb: -0.528419774345388
no_weightb#ref_9: -0.0126418621725454
rc_lookahead#no_mixed_refs: 12.0839119360879
no_fast_pskip#no_weightb: -0.394299887469972
no_fast_pskip#ref_5: 4.55462591497745
