root: 543012.2530298773
no_asm: -40801.2734300357
no_8x8dct: -25589.4110917177
no_cabac: 5446.76145087031
no_deblock: -14341.4655664667
no_fast_pskip: -3459.994050414
no_mbtree: -12912.4764323426
no_mixed_refs: -28877.7920481275
no_weightb: -2150.70006822774
rc_lookahead: 261844.716840115
rc_lookahead_20: -32503.1300117095
rc_lookahead_40: -12037.7903086242
rc_lookahead_60: 5975.56895085085
ref: 375894.834873498
ref_1: 6150.67152373834
ref_5: -17044.9319425254
ref_9: 281163.997879728
no_deblock#no_fast_pskip: 206441.256149194
no_8x8dct#no_mixed_refs: -258778.885526358
rc_lookahead_60#no_deblock: 330169.600112597
no_deblock#no_asm: -391797.381907791
ref#rc_lookahead_40: 194228.219083961
ref_5#no_weightb: 266564.184097775
