root: 60.9103502084621 
Base: -54.508900385913
CodeFormatter: -111.049740353078
Classes: -78.0922433176538
Interfaces: -284.845883426603
Aspects: 893.091121132881
States: -184.139227734662
ClassMethods: 735.068694952024
ClassConstructors: -55.7562030675846
InterfaceMethods: 101.149735628519
AspectMethods: -204.381425460163
AspectConstructors: 757.569776305664
ClassFields: 271.86235283883
InterfaceFields: 724.154547472143
AspectFields: 623.092788980664
Advice: 32.2415446127195
Pointcuts: 291.492790717782
InterTypeMethods: 37.1801403430758
InterTypeConstructors: 4.45986928081254
InterTypeFields: 377.597142526155
InterTypeDeclare: 7.87694892125398
