root: 1253734.812042916
Base: -13044.2960913097
CodeFormatter: -6817.99310314967
Classes: -20706.9893104754
Interfaces: 1767.31930839169
Aspects: -11363.322898367
States: -47902.0476337345
ClassMethods: -25980.7159236587
ClassConstructors: -17816.8342844872
InterfaceMethods: -32180.1704232281
AspectMethods: -28723.6331998391
AspectConstructors: -43866.9784192319
ClassFields: -41264.0710190208
InterfaceFields: -27999.7976592
AspectFields: -23727.7476656802
Advice: -34657.2034910684
Pointcuts: 141333.982640868
InterTypeMethods: -40482.2870939362
InterTypeConstructors: 2377.55759379681
InterTypeFields: -15221.6089704329
InterTypeDeclare: 81956.9616322238
