root: 1179.330972737954
transExt: -2.33522680179223
base: 180.870399206972
transExtAll: -2.80951518420034
transExtChoice: -1.50843611815789
transExtWeight: -2.65453813759054
transExtDynamic: -181.606603163874
eq: -4.08547193785965
eqFixpoint: 2.83345104278661
eq5: -2.41964768263188
eq1: 175.488529172812
eq2: -181.423569032729
eq3: 8.70637908785193
eq4: 15.1356936789749
backprop: -177.669138669553
heuristic: 0.277488558650088
heuristicBerkmin: 172.311494962602
heuristicVmtf: 4.79931733672632
heuristicVsids: 15.3242803223198
heuristicUnit: 9.20064142002628
satPreproYes: 4.91870141266098
transExtWeight#satPreproYes: 252.746196391266
eq3#transExt: -302.164144310639
transExtAll#eq: -146.938766605615
eq#transExtDynamic: 201.504223676953
satPreproYes#base: 288.835428825987
satPreproYes#transExt: 347.215598102149
eq5#satPreproYes: 298.654689450658
eqFixpoint#transExt: 396.653931549369
eq4#heuristicVsids: 390.043897271289
