root: 1503.48435257198
transExt: -70.4712658491546
base: -275.658851606341
transExtAll: 34.9141377951288
transExtChoice: 1720.65921343586
transExtWeight: -147.388198577099
transExtDynamic: -197.487126400232
eq: -230.77631933439
eqFixpoint: -144.392772172619
eq5: -246.744965782763
eq1: -18.626814706699
eq2: -11.7119832997409
eq3: 463.5002209506
eq4: 2035.48031527661
backprop: 2143.69437269521
heuristic: 1887.41727836494
heuristicBerkmin: 1295.0071320103
heuristicVmtf: -273.234072950528
heuristicVsids: 128.148622597593
heuristicUnit: -38.5959912883416
satPreproYes: -249.174362641132
transExtAll#heuristic: 41.4080646959121
satPreproYes#eqFixpoint: 5.57633696367026
transExtAll#heuristicVmtf: -7.80252587477744
heuristicBerkmin#eq2: -0.138886762111011
heuristicBerkmin#transExtAll: 5.18955967753787
heuristicVsids#transExtWeight: -12.1567311019234
eq2#heuristicVmtf: 3.4970289520371
eqFixpoint#transExt: 3.43869046976668
eq3#satPreproYes: -3.52283856130392
